width: 1392
height: 512
fx: 9.597910e+02
fy: 9.569251e+02
cx: 6.960217e+02
cy: 2.241806e+02
k1: -3.691481e-01 
k2: 1.968681e-01
p1: 1.353473e-03 
p2: 5.677587e-04 
k3: -6.770705e-02
k4: 0
k5: 0
k6: 0
