width: 1392
height: 512
fx: 9.037596e+02
fy: 9.019653e+02
cx: 6.957519e+02
cy: 2.242509e+02
k1: -3.639558e-01 
k2: 1.788651e-01
p1: 6.029694e-04 
p2: -3.922424e-04 
k3: -5.382460e-02
k4: 0
k5: 0
k6: 0
